00000.jpg 3 22 6 17 18
00001.jpg 10 14 27 13 18
00002.jpg 27 19 20 10 13
00003.jpg 3 15 3 6 18
00004.jpg 21 27 15 9 9
00005.jpg 5 21 21 14 5
00006.jpg 18 22 11 25 19
00007.jpg 27 12 17 6 6
00008.jpg 12 9 8 17 25
00009.jpg 16 23 15 20 3
00010.jpg 13 14 25 2 26
00011.jpg 8 9 23 13 15
00012.jpg 5 6 15 5 10
00013.jpg 6 13 1 24 15
00014.jpg 15 15 8 15 24
00015.jpg 14 9 18 19 10
00016.jpg 1 22 26 1 20
00017.jpg 19 12 15 4 26
00018.jpg 8 18 20 24 21
00019.jpg 23 5 2 18 25
00020.jpg 14 11 15 5 26
00021.jpg 16 26 22 17 20
00022.jpg 24 2 21 26 11
00023.jpg 22 11 12 12 13
00024.jpg 1 24 27 3 22
00025.jpg 22 26 26 2 18
00026.jpg 19 20 4 20 4
00027.jpg 26 17 2 5 1
00028.jpg 7 18 5 5 13
00029.jpg 20 22 17 8 3
00030.jpg 24 22 5 25 7
00031.jpg 3 24 20 21 19
00032.jpg 17 27 18 8 5
00033.jpg 20 18 2 20 27
00034.jpg 17 26 20 17 25
00035.jpg 5 19 15 16 3
00036.jpg 18 21 20 13 13
00037.jpg 12 5 5 1 15
00038.jpg 23 2 16 9 27
00039.jpg 14 7 18 23 18
00040.jpg 26 17 7 16 23
00041.jpg 18 12 24 26 20
00042.jpg 22 21 1 11 15
00043.jpg 12 8 1 24 17
00044.jpg 23 22 6 17 24
00045.jpg 4 1 1 24 7
00046.jpg 4 11 6 17 19
00047.jpg 14 2 8 3 25
00048.jpg 20 17 5 18 13
00049.jpg 13 16 1 5 20
00050.jpg 4 8 12 21 15
00051.jpg 24 15 22 2 10
00052.jpg 10 14 21 15 24
00053.jpg 4 4 17 16 2
00054.jpg 18 9 23 11 17
00055.jpg 1 13 3 9 8
00056.jpg 3 7 18 12 13
00057.jpg 6 6 19 6 11
00058.jpg 27 10 1 7 21
00059.jpg 9 6 5 19 7
00060.jpg 8 27 23 21 18
00061.jpg 10 26 2 18 26
00062.jpg 11 22 20 24 7
00063.jpg 7 18 23 7 22
00064.jpg 1 25 17 12 19
00065.jpg 26 12 17 15 5
00066.jpg 2 27 22 21 21
00067.jpg 23 8 4 13 16
00068.jpg 4 6 19 10 1
00069.jpg 5 23 21 17 9
00070.jpg 20 21 11 20 23
00071.jpg 16 10 19 6 1
00072.jpg 17 15 9 27 25
00073.jpg 17 9 10 10 7
00074.jpg 14 13 9 2 19
00075.jpg 12 27 2 15 18
00076.jpg 7 15 22 17 9
00077.jpg 5 14 5 10 1
00078.jpg 21 25 26 2 23
00079.jpg 25 14 27 14 24
00080.jpg 9 24 23 16 6
00081.jpg 16 6 5 5 21
00082.jpg 12 4 12 24 5
00083.jpg 21 27 9 14 24
00084.jpg 26 11 16 9 2
00085.jpg 23 24 15 19 17
00086.jpg 20 19 27 23 14
00087.jpg 24 21 4 26 9
00088.jpg 14 3 3 19 27
00089.jpg 7 23 4 25 5
00090.jpg 21 10 6 11 4
00091.jpg 14 18 2 25 4
00092.jpg 20 11 1 18 18
00093.jpg 19 12 7 16 27
00094.jpg 20 26 17 9 9
00095.jpg 17 27 14 23 14
00096.jpg 24 15 6 20 7
00097.jpg 12 10 9 14 9
00098.jpg 17 23 12 8 1
00099.jpg 11 7 6 13 7
00100.jpg 19 16 14 15 5
00101.jpg 10 22 9 15 19
00102.jpg 13 13 13 9 27
00103.jpg 7 26 14 18 21
00104.jpg 3 14 11 26 13
00105.jpg 14 22 6 19 25
00106.jpg 17 9 19 5 22
00107.jpg 19 5 4 8 10
00108.jpg 26 19 12 10 8
00109.jpg 3 12 9 17 24
00110.jpg 12 4 22 25 8
00111.jpg 7 8 3 2 9
00112.jpg 14 14 2 18 13
00113.jpg 14 26 18 1 22
00114.jpg 20 10 24 17 15
00115.jpg 8 13 9 5 10
00116.jpg 23 3 20 14 12
00117.jpg 23 1 6 2 2
00118.jpg 6 23 23 6 27
00119.jpg 3 27 7 12 9
00120.jpg 1 24 19 12 14
00121.jpg 22 23 17 9 7
00122.jpg 14 12 24 16 19
00123.jpg 6 12 7 20 5
00124.jpg 5 12 6 25 24
00125.jpg 6 27 13 24 8
00126.jpg 1 9 27 11 23
00127.jpg 10 26 7 3 22
00128.jpg 12 11 26 1 11
00129.jpg 17 8 19 14 22
00130.jpg 19 6 4 27 11
00131.jpg 27 13 13 20 10
00132.jpg 19 5 9 20 24
00133.jpg 3 16 17 18 14
00134.jpg 11 27 15 20 16
00135.jpg 21 10 18 12 21
00136.jpg 26 16 13 27 18
00137.jpg 4 25 26 13 16
00138.jpg 26 21 26 16 25
00139.jpg 20 19 10 20 26
00140.jpg 10 25 26 16 8
00141.jpg 20 10 3 17 16
00142.jpg 17 19 10 20 5
00143.jpg 15 5 26 18 4
00144.jpg 4 26 20 16 16
00145.jpg 5 16 24 7 1
00146.jpg 9 7 10 12 9
00147.jpg 22 17 9 18 21
00148.jpg 17 11 10 26 5
00149.jpg 11 13 23 19 6
00150.jpg 7 3 25 11 19
00151.jpg 7 9 22 13 27
00152.jpg 23 26 12 13 22
00153.jpg 15 17 12 15 4
00154.jpg 12 27 5 23 7
00155.jpg 18 4 1 8 20
00156.jpg 4 19 9 21 13
00157.jpg 25 9 11 13 25
00158.jpg 9 8 23 1 22
00159.jpg 21 20 13 13 16
00160.jpg 26 4 2 15 4
00161.jpg 18 22 27 21 11
00162.jpg 9 23 20 11 20
00163.jpg 14 23 24 4 7
00164.jpg 22 10 20 26 18
00165.jpg 25 17 8 1 21
00166.jpg 9 1 20 2 8
00167.jpg 26 19 10 13 12
00168.jpg 16 25 12 17 10
00169.jpg 19 27 16 27 24
00170.jpg 19 3 22 18 24
00171.jpg 24 18 18 2 24
00172.jpg 16 8 9 24 15
00173.jpg 27 7 16 25 13
00174.jpg 25 19 19 16 12
00175.jpg 13 7 22 11 14
00176.jpg 17 20 23 15 7
00177.jpg 20 23 26 22 9
00178.jpg 4 3 26 10 5
00179.jpg 4 1 5 26 23
00180.jpg 23 25 1 6 4
00181.jpg 19 22 16 2 5
00182.jpg 16 24 23 15 7
00183.jpg 10 8 4 3 21
00184.jpg 2 2 21 27 25
00185.jpg 22 14 17 20 13
00186.jpg 4 20 15 17 3
00187.jpg 19 17 9 6 25
00188.jpg 15 17 26 12 19
00189.jpg 11 10 22 22 5
00190.jpg 20 18 2 26 16
00191.jpg 17 2 12 11 4
00192.jpg 12 18 21 2 8
00193.jpg 26 7 22 27 22
00194.jpg 21 5 13 4 19
00195.jpg 1 5 6 3 6
00196.jpg 17 21 17 15 12
00197.jpg 21 7 1 9 7
00198.jpg 6 16 12 3 19
00199.jpg 5 16 9 16 17
00200.jpg 1 14 6 22 20
00201.jpg 2 2 24 10 2
00202.jpg 15 15 2 7 10
00203.jpg 23 24 6 24 20
00204.jpg 22 24 8 22 15
00205.jpg 3 27 19 9 21
00206.jpg 14 1 10 11 18
00207.jpg 17 11 2 13 16
00208.jpg 19 23 10 13 25
00209.jpg 21 19 21 22 3
00210.jpg 25 12 13 3 26
00211.jpg 23 5 12 6 15
00212.jpg 10 21 5 20 6
00213.jpg 13 20 24 7 9
00214.jpg 11 9 20 16 1
00215.jpg 20 22 17 23 23
00216.jpg 13 24 10 1 4
00217.jpg 19 5 2 2 14
00218.jpg 9 6 19 20 24
00219.jpg 20 22 2 9 25
00220.jpg 6 17 27 8 23
00221.jpg 11 5 17 16 14
00222.jpg 15 26 2 14 7
00223.jpg 6 11 25 26 11
00224.jpg 5 13 27 14 16
00225.jpg 2 14 4 17 15
00226.jpg 19 16 21 24 21
00227.jpg 22 9 2 21 24
00228.jpg 18 25 22 18 17
00229.jpg 8 12 18 23 15
00230.jpg 19 15 25 6 24
00231.jpg 10 27 22 19 17
00232.jpg 26 11 8 4 11
00233.jpg 21 27 3 1 3
00234.jpg 1 15 19 22 18
00235.jpg 2 18 16 6 16
00236.jpg 17 14 25 26 1
00237.jpg 4 2 27 2 12
00238.jpg 19 10 14 20 13
00239.jpg 16 23 8 3 20
00240.jpg 7 5 19 4 11
00241.jpg 25 15 6 16 21
00242.jpg 1 21 21 18 22
00243.jpg 22 23 12 26 16
00244.jpg 17 15 14 9 18
00245.jpg 18 27 9 8 21
00246.jpg 13 10 20 4 16
00247.jpg 9 5 11 8 14
00248.jpg 14 18 18 26 12
00249.jpg 13 13 2 18 23
